0 0.365234375 0.4255859375 0.05390625 0.048046875
0 0.2642578125 0.4927734375 0.028515625 0.023046875
0 0.31015625 0.54375 0.04140625 0.04296875
0 0.68828125 0.4048828125 0.03984375 0.044921875
0 0.6314453125 0.0646484375 0.011328125 0.012890625
0 0.822265625 0.474609375 0.02578125 0.021875
0 0.817578125 0.6537109375 0.02890625 0.022265625
0 0.3587890625 0.5869140625 0.045703125 0.038671875
0 0.41171875 0.5068359375 0.02578125 0.027734375
0 0.477734375 0.5376953125 0.025 0.028515625
0 0.54765625 0.566796875 0.025 0.0265625
0 0.591796875 0.5951171875 0.040625 0.051953125
0 0.6251953125 0.641796875 0.025390625 0.028125
0 0.6626953125 0.63671875 0.025390625 0.02890625
0 0.7453125 0.6982421875 0.0234375 0.026953125
0 0.8369140625 0.751171875 0.026171875 0.028125
0 0.880859375 0.780078125 0.025 0.02890625
0 0.92578125 0.801953125 0.03359375 0.025
0 0.923828125 0.8544921875 0.04375 0.039453125
0 0.8728515625 0.9478515625 0.055078125 0.040234375