0 0.66484375 0.201171875 0.03046875 0.02578125
0 0.7462890625 0.294140625 0.023046875 0.0296875
0 0.261328125 0.5275390625 0.02421875 0.028515625
0 0.2958984375 0.4923828125 0.029296875 0.023828125
0 0.3619140625 0.4658203125 0.028515625 0.024609375
0 0.448046875 0.4314453125 0.03046875 0.024609375
0 0.501171875 0.409765625 0.02578125 0.02421875
0 0.57578125 0.38046875 0.02578125 0.0234375
0 0.64140625 0.3533203125 0.02734375 0.023828125
0 0.3154296875 0.6640625 0.039453125 0.0390625
0 0.4169921875 0.6365234375 0.017578125 0.025390625
0 0.480859375 0.784765625 0.02109375 0.02265625
0 0.5875 0.7423828125 0.02265625 0.025390625
0 0.5736328125 0.5728515625 0.020703125 0.026171875
0 0.6015625 0.71484375 0.02578125 0.02734375
0 0.640625 0.7216796875 0.02421875 0.022265625
0 0.655078125 0.6935546875 0.02578125 0.024609375
0 0.693359375 0.698828125 0.02109375 0.02421875
0 0.708203125 0.673046875 0.0234375 0.02890625
0 0.734375 0.6568359375 0.0234375 0.030859375
0 0.7611328125 0.6529296875 0.028515625 0.029296875
0 0.8087890625 0.601171875 0.030078125 0.025
0 0.785546875 0.548046875 0.0296875 0.02109375
0 0.775390625 0.5208984375 0.028125 0.023046875
0 0.8822265625 0.5216796875 0.024609375 0.023828125
0 0.892578125 0.549609375 0.028125 0.021875