0 0.0359375 0.1720703125 0.06640625 0.062890625
0 0.1236328125 0.169921875 0.065234375 0.078125
0 0.2640625 0.2162109375 0.0734375 0.064453125
0 0.341015625 0.0603515625 0.0703125 0.062890625
0 0.4435546875 0.1609375 0.065234375 0.0546875
0 0.3875 0.23046875 0.06328125 0.05703125
0 0.3484375 0.2943359375 0.0640625 0.055859375
0 0.6263671875 0.216015625 0.059765625 0.05546875
0 0.4916015625 0.43359375 0.073046875 0.06015625
0 0.315625 0.3671875 0.05859375 0.0546875
0 0.284375 0.437890625 0.06484375 0.05859375
0 0.2439453125 0.499609375 0.061328125 0.05234375
0 0.440625 0.494921875 0.065625 0.05859375
0 0.4166015625 0.5521484375 0.044140625 0.036328125
0 0.5060546875 0.5748046875 0.058203125 0.066015625
0 0.3056640625 0.8361328125 0.030078125 0.041796875
0 0.419921875 0.8556640625 0.0375 0.043359375
0 0.4791015625 0.8544921875 0.054296875 0.058203125
0 0.5390625 0.885546875 0.0375 0.0359375
0 0.3697265625 0.7072265625 0.063671875 0.068359375
0 0.4880859375 0.718359375 0.064453125 0.0640625
0 0.5484375 0.69609375 0.040625 0.0390625
0 0.5814453125 0.640234375 0.055859375 0.0578125
0 0.8482421875 0.27109375 0.080078125 0.071875
0 0.68671875 0.44375 0.0375 0.04296875
0 0.901953125 0.615625 0.0640625 0.06953125
0 0.7177734375 0.7375 0.037109375 0.03671875
0 0.8115234375 0.744140625 0.032421875 0.03359375
0 0.805078125 0.8650390625 0.03984375 0.042578125
0 0.89609375 0.871875 0.0390625 0.04296875