0 0.1388671875 0.19296875 0.030078125 0.0375
0 0.35546875 0.158984375 0.02734375 0.01953125
0 0.410546875 0.12265625 0.0625 0.05
0 0.1984375 0.2365234375 0.03515625 0.044921875
0 0.241015625 0.22578125 0.053125 0.0609375
0 0.2796875 0.2341796875 0.01953125 0.019921875
0 0.30546875 0.2494140625 0.02265625 0.016796875
0 0.34921875 0.268359375 0.0328125 0.04296875
0 0.405078125 0.292578125 0.0484375 0.05234375
0 0.4513671875 0.2705078125 0.024609375 0.021484375
0 0.494921875 0.2974609375 0.02109375 0.019921875
0 0.4892578125 0.32265625 0.027734375 0.0203125
0 0.475390625 0.348046875 0.02421875 0.0171875
0 0.187109375 0.305078125 0.0390625 0.03359375
0 0.200390625 0.3314453125 0.02109375 0.016796875
0 0.2310546875 0.33359375 0.030859375 0.040625
0 0.2744140625 0.35390625 0.032421875 0.0375
0 0.0892578125 0.980859375 0.062109375 0.03828125
0 0.241015625 0.9873046875 0.028125 0.025390625
0 0.369140625 0.98046875 0.05234375 0.0390625
0 0.4265625 0.930078125 0.05 0.04765625
0 0.035546875 0.6548828125 0.0328125 0.026953125
0 0.09921875 0.6125 0.04609375 0.046875
0 0.156640625 0.6439453125 0.04375 0.044921875
0 0.055859375 0.46640625 0.05 0.05546875
0 0.1099609375 0.49296875 0.050390625 0.05546875
0 0.215234375 0.547265625 0.053125 0.06328125
0 0.2658203125 0.5771484375 0.048046875 0.055859375
0 0.3158203125 0.583203125 0.029296875 0.03046875
0 0.342578125 0.5552734375 0.03125 0.031640625
0 0.917578125 0.1650390625 0.0546875 0.051171875
0 0.491015625 0.422265625 0.021875 0.02421875
0 0.5103515625 0.4515625 0.022265625 0.01796875
0 0.580859375 0.4765625 0.0296875 0.03203125
0 0.62734375 0.3685546875 0.03125 0.037109375
0 0.6716796875 0.3873046875 0.028515625 0.029296875
0 0.70859375 0.4080078125 0.04140625 0.032421875
0 0.7076171875 0.4447265625 0.034765625 0.030078125
0 0.6875 0.479296875 0.03359375 0.02734375
0 0.6740234375 0.515234375 0.034765625 0.02578125
0 0.7904296875 0.5521484375 0.030078125 0.022265625
0 0.8115234375 0.5203125 0.027734375 0.0265625
0 0.8376953125 0.4912109375 0.031640625 0.038671875
0 0.87578125 0.50078125 0.02734375 0.0328125
0 0.9052734375 0.526171875 0.030859375 0.0265625
0 0.9162109375 0.56640625 0.027734375 0.0296875
0 0.9390625 0.59765625 0.03203125 0.02734375
0 0.9392578125 0.637109375 0.030859375 0.03046875
0 0.9548828125 0.6904296875 0.029296875 0.027734375
0 0.90390625 0.704296875 0.03125 0.03203125
0 0.8671875 0.6923828125 0.02890625 0.033984375
0 0.878515625 0.7447265625 0.03203125 0.027734375
0 0.73046875 0.75625 0.025 0.0265625
0 0.7666015625 0.7765625 0.030859375 0.028125
0 0.8029296875 0.7970703125 0.030859375 0.029296875
0 0.8244140625 0.8744140625 0.023046875 0.030078125
0 0.7931640625 0.9021484375 0.027734375 0.028515625
0 0.756640625 0.8951171875 0.0265625 0.030859375
0 0.7263671875 0.87109375 0.030859375 0.03828125
0 0.694921875 0.980859375 0.02421875 0.0296875
0 0.725 0.990625 0.0359375 0.01875