0 0.0078125 0.1470703125 0.01484375 0.033203125
0 0.0751953125 0.10078125 0.026953125 0.0328125
0 0.12890625 0.2259765625 0.03359375 0.027734375
0 0.3857421875 0.26484375 0.016796875 0.01875
0 0.4134765625 0.244921875 0.022265625 0.028125
0 0.1326171875 0.90859375 0.011328125 0.01328125
0 0.6396484375 0.9279296875 0.019921875 0.024609375
0 0.7263671875 0.92421875 0.019140625 0.0265625
0 0.7599609375 0.9171875 0.018359375 0.0265625
0 0.819921875 0.88359375 0.02890625 0.0328125
0 0.9041015625 0.9208984375 0.033984375 0.026953125
0 0.9517578125 0.9560546875 0.026953125 0.023046875
0 0.919140625 0.89375 0.02109375 0.02109375
0 0.9576171875 0.8333984375 0.030078125 0.024609375
0 0.971875 0.80390625 0.01953125 0.028125
0 0.883984375 0.803125 0.02265625 0.02109375
0 0.912109375 0.6634765625 0.02421875 0.022265625
0 0.917578125 0.6220703125 0.034375 0.027734375
0 0.915234375 0.58046875 0.034375 0.0265625
0 0.905078125 0.5443359375 0.02890625 0.027734375
0 0.9783203125 0.4845703125 0.023046875 0.024609375
0 0.943359375 0.4302734375 0.02734375 0.023828125
0 0.6501953125 0.2939453125 0.026953125 0.029296875
0 0.6833984375 0.29296875 0.028515625 0.03359375
0 0.7162109375 0.2884765625 0.029296875 0.031640625
0 0.7484375 0.2916015625 0.0265625 0.031640625
0 0.78125 0.2845703125 0.028125 0.033984375
0 0.81328125 0.2822265625 0.0265625 0.036328125
0 0.8626953125 0.3171875 0.033984375 0.03828125
0 0.9197265625 0.2953125 0.028515625 0.0234375
0 0.8541015625 0.2275390625 0.030859375 0.026171875
0 0.88515625 0.204296875 0.02578125 0.025
0 0.8978515625 0.176171875 0.037109375 0.02734375
0 0.923828125 0.1423828125 0.03046875 0.027734375
0 0.9458984375 0.0818359375 0.036328125 0.026953125
0 0.925 0.048828125 0.0359375 0.03046875