0 0.49609375 0.1791015625 0.0328125 0.035546875
0 0.2275390625 0.373046875 0.026953125 0.0203125
0 0.28046875 0.3970703125 0.02734375 0.029296875
0 0.3845703125 0.3572265625 0.037890625 0.029296875
0 0.4673828125 0.345703125 0.034765625 0.028125
0 0.465625 0.4111328125 0.0375 0.029296875
0 0.6205078125 0.34765625 0.037890625 0.02578125
0 0.61953125 0.4119140625 0.0390625 0.026171875
0 0.616015625 0.4482421875 0.040625 0.027734375
0 0.4685546875 0.526953125 0.041796875 0.03203125
0 0.6166015625 0.520703125 0.038671875 0.0265625
0 0.2314453125 0.4826171875 0.030078125 0.029296875
0 0.2353515625 0.5798828125 0.026171875 0.020703125
0 0.227734375 0.637890625 0.0375 0.0296875
0 0.3875 0.67890625 0.040625 0.03046875
0 0.469140625 0.630859375 0.03828125 0.03515625
0 0.3810546875 0.575390625 0.040234375 0.0328125
0 0.3861328125 0.53671875 0.041015625 0.02890625
0 0.6173828125 0.5552734375 0.033984375 0.031640625
0 0.6115234375 0.5908203125 0.038671875 0.029296875
0 0.2291015625 0.710546875 0.037890625 0.0265625
0 0.2828125 0.773046875 0.01953125 0.0265625
0 0.231640625 0.81875 0.03671875 0.028125
0 0.3240234375 0.834765625 0.032421875 0.04296875
0 0.3833984375 0.8943359375 0.045703125 0.041015625
0 0.3875 0.7232421875 0.0390625 0.031640625
0 0.46953125 0.744921875 0.040625 0.03515625
0 0.47265625 0.8166015625 0.0390625 0.026953125
0 0.472265625 0.852734375 0.0375 0.0296875
0 0.6197265625 0.859765625 0.041796875 0.0265625
0 0.6216796875 0.8244140625 0.039453125 0.026171875
0 0.620703125 0.7521484375 0.03984375 0.027734375
0 0.676171875 0.205078125 0.034375 0.02890625
0 0.76171875 0.34921875 0.034375 0.02890625
0 0.7087890625 0.3814453125 0.037109375 0.026953125
0 0.7099609375 0.41640625 0.037109375 0.0265625
0 0.7119140625 0.5919921875 0.026953125 0.028515625
0 0.7091796875 0.644140625 0.026171875 0.03046875
0 0.8646484375 0.3537109375 0.041015625 0.021484375
0 0.948828125 0.38125 0.0296875 0.0234375
0 0.951171875 0.4763671875 0.03125 0.023046875
0 0.95078125 0.539453125 0.03046875 0.02421875
0 0.85859375 0.54609375 0.034375 0.02265625
0 0.858984375 0.6623046875 0.03515625 0.030859375
0 0.86171875 0.6947265625 0.03359375 0.029296875
0 0.8623046875 0.72734375 0.035546875 0.02890625
0 0.94765625 0.7619140625 0.03203125 0.029296875
0 0.8591796875 0.7615234375 0.032421875 0.030078125
0 0.85234375 0.794140625 0.02890625 0.0296875
0 0.862890625 0.8609375 0.03359375 0.0296875
0 0.870703125 0.8951171875 0.034375 0.032421875
0 0.709375 0.8955078125 0.03515625 0.025390625
0 0.7099609375 0.8234375 0.037890625 0.0265625
0 0.703515625 0.7513671875 0.034375 0.028515625
0 0.706640625 0.7158203125 0.03671875 0.026171875