0 0.7001953125 0.0416015625 0.052734375 0.055859375
0 0.7568359375 0.1 0.052734375 0.05390625
0 0.489453125 0.4185546875 0.0515625 0.044921875
0 0.609765625 0.4923828125 0.0546875 0.044140625
0 0.82578125 0.143359375 0.05234375 0.053125
0 0.8951171875 0.18125 0.053515625 0.053125
0 0.79921875 0.2052734375 0.053125 0.044140625
0 0.8318359375 0.34140625 0.023828125 0.0328125
0 0.8578125 0.4873046875 0.05703125 0.051953125
0 0.71171875 0.5326171875 0.053125 0.052734375
0 0.6412109375 0.932421875 0.051171875 0.05
0 0.4345703125 0.9708984375 0.051171875 0.051953125
0 0.3451171875 0.8228515625 0.052734375 0.054296875
0 0.2259765625 0.665234375 0.055078125 0.05390625
0 0.0869140625 0.8544921875 0.055078125 0.052734375