0 0.075390625 0.2169921875 0.04375 0.031640625
0 0.4197265625 0.1287109375 0.042578125 0.041796875
0 0.1896484375 0.2958984375 0.026953125 0.028515625
0 0.24375 0.380859375 0.02890625 0.025
0 0.4080078125 0.9271484375 0.036328125 0.031640625
0 0.3037109375 0.5134765625 0.033203125 0.032421875
0 0.2681640625 0.5583984375 0.035546875 0.028515625
0 0.3330078125 0.60859375 0.028515625 0.03046875
0 0.4259765625 0.6015625 0.028515625 0.028125
0 0.492578125 0.612109375 0.02578125 0.0296875
0 0.595703125 0.5486328125 0.03046875 0.030859375
0 0.616796875 0.574609375 0.02734375 0.0265625
0 0.6623046875 0.6671875 0.032421875 0.02734375
0 0.7861328125 0.6455078125 0.027734375 0.030859375
0 0.8171875 0.703515625 0.0296875 0.03046875
0 0.852734375 0.80859375 0.028125 0.0296875
0 0.74375 0.8294921875 0.0328125 0.029296875
0 0.7705078125 0.8626953125 0.027734375 0.030078125